1646393060
1419147798
863518011
842498109
557341096
527043044
89073085
1935287357
1257556235
1295105308
1604888044
1943836623
1974391428
327398990
486811349
988245416
2073058143
1418848933
893613136
1406863461
650133919
1086577159
1653301754
454343931
1803721075
201678838
1295644237
934484569
2027888678
1196657502
2019898414
1707923602
2095159028
1093274233
2006289930
685372156
1693905040
294451623
1130162284
760056952
2077756366
718643165
908774116
736055458
1784321767
1191274345
175950413
1482804411
1877154702
257790445
1971453911
1307316168
1291111206
56334904
792835170
1801485476
1473199635
925970180
513370553
1843366398
282382582
714394729
1175170023
1544689755
1917712498
1173965090
572634505
1517630635
617760012
603813188
53703489
1431402905
131712696
902108599
1590319548
2071853780
1367343225
714586786
517316347
559644130
908112790
1036305632
1644537795
1481592831
1579920511
796132126
231895307
747201885
1958824166
1113898029
1612773735
1712811969
1058517258
255356852
621438504
365958393
732243036
657376457
1203504447
426351643
1924034245
43164609
1586015364
617639807
1284582774
1856658851
2088102051
1887528436
1877933412
1721059295
1658135672
968942677
1523792257
1457751684
1518843212
835745783
2102363189
377488661
49548076
321443694
2077030175
158926924
1112652958
1225972619
526293874
1296512228
184865137
502017915
987261401
712206631
363924047
658215770
900365920
1535328282
1302867201
1473393835
337170141
44934715
1548904113
262625551
931983633
2060875022
425686142
2071072894
677350593
892101088
1454041310
2061107059
1594610021
517083151
1771080173
442712643
2126401651
925045944
65588149
1896322469
396578889
1153206429
1509849622
17427958
1690674255
1565494834
530765534
2109056612
293551464
1333532696
1204256914
473182761
1494277600
2033913339
1965267989
651687524
331238790
632027087
138367937
561674443
726965187
1916079514
1153693344
658223994
1414349137
799756936
2096379877
1302216317
408407134
1573523142
845716442
36471504
1753590782
1299761539
160380405
2051338451
1313711871
164720693
1662603903
1832155709
815659949
1058489960
1533002649
488325962
323799021
262510987
1321541922
342781988
788604104
1272711076
2103409432
1659111160
718012345
179335972
618692566
1575521578
169114628
188864489
696728877
1156316955
1320948265
1833766065
1143907861
1119139222
1902764941
534994867
336873096
631959090
274053649
222915475
1509940693
793808555
1703530140
1622956015
2003158284
1947833353
1154443657
1357009522
755565607
1065055034
1582474891
1412447477
245531022
1752671135
631023028
2056725092
187490501
277723931
145629299
1029916887
763048279
1351547680
480588067
1758121484
562552902
492518736
1772558129
33002831
557401234
1572048091
59984285
2041939457
1844093371
468587014
441289490
2115453712
1551695817
2028197350
1074250306
2046414066
298370247
746381696
1961392229
437766088
100759567
16171354
1319410068
1536486983
637855319
584165831
516519839
86090463
904811968
1794076349
561462667
1982862257
678069145
675912679
1364555668
674005642
588256910
1428153189
573180210
659479650
563008772
1630583708
1907325974
304638981
1375241311
556572397
26019367
1095768899
1071457628
371394705
678894179
966755930
881357618
444300725
1260363261
1426230808
1677971103
768003246
114722212
1700821253
851683773
1656037881
509677275
1578440518
1309240273
486965255
1883987802
1169473001
1576523866
783961809
728843270
172428291
750227438
150352561
208796381
1961152444
1232254543
2116983555
163914214
606108449
392507087
266754636
1406976402
850750113
2033733046
972629612
494206623
773981021
476973024
1136333578
2029715589
1083959814
225693517
1743382979
38417608
1888845068
517201987
1297632596
2071041919
1527081565
732244652
1679061999
1791576000
1152835844
86539230
826153480
62422591
109677802
312552980
2079416667
1848972425
1901514378
390059747
835542974
978751526
1499012780
620872048
1479655680
1316831736
746778964
2080478850
1008548785
1488105500
286084895
958267980
2048725335
563236743
1582485790
1432109526
1080090398
619396263
1003925107
429657728
488550033
1245913376
131975503
2045813707
130776560
319714027
1271222539
455530772
1739812729
589760362
1877438730
1024722287
1178112572
647266463
615842507
1202773597
1300351306
377526355
1416155273
842092894
866126785
834188336
1882866024
1871468778
752922023
1385912304
480430727
81128493
643363803
696253683
1955940320
808908781
232290526
1937820519
1545465665
1726804931
1669121938
837397420
932570391
1770789762
433316851
1575425691
887452433
9137814
2131659599
450449038
1588013679
1376915513
1651094780
148473228
1420886100
542287973
1387425132
1127920088
1217443660
59679862
315893623
180282931
586413633
546801655
1011068003
609746374
2065726353
513754143
519823675
1101387090
808652083
330776828
60740607
1137500899
149667631
1094213669
1040039289
108214246
255436431
356893250
1159030763
2073233838
1038110253
725969561
1914026624
1927689179
59958240
1830705689
1048620360
1857124723
478376527
739615524
769233626
1117307167
284337839
192851329
1308819630
1270042258
1216035588
303188297
1774473067
757193330
1274546839
1655765993
1961884129
1786679755
1702987352
1693544007
314402066
942359212
1680183589
1187867684
6008266
538928331
78204086
1177901859
1402462897
1475413736
385654377
869104779
302516643
1335330208
1544385836
2135608862
1923516281
459388952
780946637
1001967003
816989600
1696978917
1471957749
751904060
1055536566
1088754794
1017278177
1555007894
1993057429
817316246
1384131068
1449106943
1317199656
1822883040
1483500973
629560484
1684527039
547813311
868691070
1889029225
1729336260
1065750997
240783414
1961179130
297389096
2096287789
1560827684
1930460950
236055584
2016878297
2009573791
1641276242
1061105450
1806365600
1608923555
853320099
433658919
269657015
1869067827
14297850
980360668
1347714781
749043603
397892404
163262349
691918424
42432879
1201575671
845036903
645952018
2014065908
292300253
1100023447
878801953
1337355843
2144385794
722920292
2095128167
1629915989
2047247464
2032829017
1857028597
930367479
1948430361
395979027
645926972
1833569449
1979169727
1324981162
483591289
680396481
386829081
867520702
1101933982
957014121
1450331759
1116985051
755453060
445511971
1716642195
649133224
39923772
78283672
228322024
781952110
1180867290
981711125
1539855976
1033718562
304347195
194145694
838663650
714426851
666165040
722940446
2020071842
876487056
1579683645
1522743855
1442743078
2087087775
1008428323
1336654360
630518791
113954495
1831650511
816440156
260371808
1225742287
1867074941
160967773
850644186
694830380
536309915
1785426748
623499289
432763486
63676525
2080312184
1989990225
378538020
1763290318
1178690741
984858384
1914277671
1127769124
1503356488
319613376
1072398779
1902794918
1390136676
1721285767
551571
1093436718
89081395
756789443
1527878928
1196128971
1830859064
2067523736
1435260860
2008882466
1924044175
2045729894
1861062961
562960782
639538252
1301231099
1987552067
1238975693
1898871777
1023936357
1356015548
1429582931
1002601500
1123758091
1629378409
388067348
1080010513
1784385566
1323915226
130516156
1453410963
1225778305
196939779
1573664183
463935690
1558948258
199572783
197944347
483795037
438429838
1102357801
929491244
1514454417
45327146
250811875
1081926712
1249639003
535042748
928305327
416480591
16466994
435137989
1200883387
500436712
972145796
608907228
1175585404
100049493
2091448360
1922627023
1941187516
1469453617
1418006268
1736412171
2007799834
418288685
1204097821
1676030385
977550865
826104323
74667398
667731158
1330874091
1908341005
423861084
74697603
273884437
863094505
844094513
1595248799
1654968191
1026270423
1312394732
979314083
1005012190
1401804519
1246121342
600286261
252354094
40584177
1869112781
1634591173
7246288
1997105937
48403823
602815525
1722637565
1955042693
904452324
1530835394
693481873
4345283
620340779
1204025637
664330255
1551121384
2142556960
225112913
1860399303
539941895
1331163468
680902819
417943771
1342978993
1436895863
1971426446
495077621
1003489449
1204376672
980308114
1339564010
835994079
943884244
462093493
255277924
1444035319
1489347783
583040256
2015066659
260590505
1313027738
152711697
158006874
258400650
2087953616
624762501
529296613
401400313
1995027460
761842283
949833888
1540726594
1527600899
244316329
1274205173
1583348144
1256340865
124396361
553225208
1207116789
1216351235
637924018
1710839283
114763539
1625904189
577217958
1569114440
689663482
993018686
223664398
397070461
670824682
830511054
220490279
423378851
1553149943
1814383931
1077556980
644043688
984103647
1989474130
1623132605
247151204
1423723293
51391788
1716842932
945226883
1143876345
874943775
155351972
553634328
310263228
950810262
315355345
592765437
1901845529
397489020
475925130
2029473092
1594313719
1533807363
1019139700
1681811933
1753824345
1585516590
701093976
954438073
1794131890
1434476964
63058093
872047385
1083258535
706486537
771396271
1771050944
499445035
1208734194
833894039
1725913975
2141446734
1229678320
576495812
155514801
1181219162
2059537516
209602776
1403302076
846471865
1128939164
1986861160
2138591231
871541994
1158864752
1079445681
1880472144
1004894475
563629792
579445647
216895858
571297508
537118309
1533506156
1385536701
970870968
125864805
690925459
1631426574
437569976
1513149663
2019354022
1390564621
1180541166
462010334
137861325
337028382
467467127
1253235296
1655669448
953337579
631462502
1034904516
986806449
943535384
657611788
1436910054
163495548
1815856445
1043365602
1795698539
1659808906
1175550866
718762429
1554135821
1678567122
955100188
397332825
687860380
241455687
1319397084
691613674
15189150
1886294897
849624310
1990613328
663675605
1637571184
1344584584
102644136
1497361793
201586573
721971961
113160344
114235624
1529315193
311669043
1140931676
2030708359
1631384303
1414679805
1368540213
1556227407
1201912754
1190080321
1653655202
828433910
461980748
1030835569
839481497
111473733
139019278
1058714532
1267792298
75343059
1021999328
386846267
459677462
2017459156
1893589383
422878196
167232829
1037038222
1056384478
851706170
1713610647
1458717399
243430514
501992551
1986646667
280760521
596992771
452216459
1519143386
119828782
288159983
865969630
477702032
2012633272
416766861
976696695
1389166962
1028630717
971940535
1050697580
824619630
289961019
379587462
1032055125
855209687
512869448
1204276435
1870475109
1669163489
340843776
1816181010
2076730793
4491788
2041557972
735612268
1117082674
385571875
224268568
779672241
314841649
1909400859
260313616
1582585163
1725697764
1363175504
381329692
800932871
482706647
486709229
627965493
346655023
1366445264
222929067
1615957810
118402831
444317813
1320261680
5900551
625141496
2110509153
755356065
509242507
429580334
356704972
1654067007
2139712324
2078912270
1939861596
644577518
521068900
106381997
94465641
1253415254
2144220517
568185908
1844894274
1209544635
986727454
1646538350
1105065771
1019450645
1472211234
749130971
59711300
226336302
1567078847
1862979416
992316352
1955968714
1718050816
751725667
952154125
2057363047
1039377564
1961336125
370605651
2118543548
207584270
924804621
996500618
104532317
603732316
1721635917
799287970
1319399529
153847625
799051102
391322880
2136625388
770459135
580200037
24376216
2098379422
1221611776
1747396791
429429960
1596131466
1210121857
1981072163
1356960319
591343556
270178484
1115831788
253393388
165129245
1420158219
1295865224
1883380682
1470354932
102841638
1266530173
2107757293
1008080289
1635889047
273706451
77348384
1858577415
43598985
1191720519
1985965514
775843198
665355283
1434753914
293012646
433991099
339980458
920028858
2143314336
2134666723
1170954888
1346644093
429475298
536007643
2129100654
244968538
276489421
1250325025
266557153
1790587915
1197414400
929962785
1589413863
1798058746
992748327
1005262879
1141995766
1966590320
474297855
369398497
1817570206
500251955
1979889548
1421074902
1594758064
1973023772
637106098
984113468
20674785
447394411
86565418
821149462
1871459741
399736743
1996342358
2018976402
1000184343
11363367
1888374983
1419643963
661030363
943525742
891395687
1004179143
1617556021
984210374
561013280
973201368
785238212
1067025909
118277409
1910570985
2121869851
1107674959
1520033723
1590070621
1885657486
1555490341
1905560717
924016217
3684275
1033561465
1344109757
470784486
438698559
1602626251
33554060
836120424
870233839
1866844490
1648760346
586220350
1881575985
1070814936
1880666509
1954874399
1618124627
997406607
1333724313
2135486754
397726300
2040338503
1349288818
116949263
191662022
210035971
994164034
414787943
1469943383
2087356014
291030320
592638500
15667019
1196097554
189581144
1943080487
1158624458
240351742
1266341307
2064830556
410977112
1639502994
919650243
1277377809
1549163278
551502194
236183832
633544324
1385482852
1317606011
1907373571
1685211482
168569306
1200599184
1259431164
1421417055
1288289876
661103931
1218935256
302859979
287049783
408039492
1975331937
713846296
834335775
187878177
368959469
1286356590
996528016
978706042
1098904688
995160459
1241686265
2074193381
997273606
688161487
1114787472
349216837
1956457716
1999765292
1489532485
1198939482
1688288673
11502202
236047897
166638706
581432790
1561385952
2145283984
526409273
570059489
1809344534
1824924044
1151218056
793271358
33465
1092075715
525936586
1391821510
1026457940
1812493444
1504909507
1859830805
1338965025
2041368055
1870232349
1053693840
2095263641
1641937448
1805658970
784827356
1441470636
1580063333
661225325
347295895
522747506
903362900
63367657
271063396
1836364715
1572509271
1732540890
637021329
1518828144
654236087
1648868722
935470208
1107432743
662356058
1657160037
189631851
175333621
2078369703
1285042942
1079852567
1335031996
1831484576
1246670815
811475560
2019986207
751784444
1067111882
1858726848
1858880661
1667745273
1854925618
1776538163
624888647
582919119
1317023256
1318453464
1466759342
1470295508
353263087
848269723
342646988
1505356424
1350809893
172175317
962949281
900007714
2069363554
1778455814
2142567261
1828684926
312939617
536894723
989589010
673525953
1156616316
1047300158
1083014201
2067959774
712983735
1599114565
126715996
871985652
630886513
1064114911
185084127
272532375
1127745773
1981606092
2141178624
403943719
264899823
1544970599
228498527
1671446089
723309629
308857621
1405112780
1857962558
1903204533
1770684633
1442546650
1803675754
1769481649
62235921
875304382
954410413
915089801
6008504
193480152
1315396891
359405355
1704802913
1772081763
1182335134
1865851805
1478034613
1132189561
57961206
1038214676
1354863765
172550378
80486387
460640661
460589734
239345789
805435018
1631403000
787543969
135420373
895157653
950714994
439082606
566603923
359393725
2141333412
1823136142
1795679446
1580449389
1058305458
2126633284
296833426
1795744028
2052808602
1474106992
2123693026
958189847
976207011
747338247
166985591
246005624
20473324
1674929010
1475009431
159949291
281600568
530904760
1371733016
700278672
1284103730
424736874
1822205524
888223379
1017166650
1258841548
200706004
1350833320
1081073951
943393523
1376398552
88331533
477554318
1054868269
1186739057
586777371
758712321
84525957
1387299116
742948414
1222583370
741779788
1489772162
752651322
1054540818
2146823874
1561846967
321303904
336726735
488803400
1077780311
744736011
1263861044
478272811
843728174
114427722
930050477
462793313
1218429594
209766948
640001398
505095998
1735059956
769898498
522778337
494710403
1803835518
1094272905
1596306944
1403633605
1324808950
165029160
358353526
1004085147
1045059769
2063141696
323574687
870589055
1357241173
1509716159
683888443
427848929
1017729027
158846623
1075127504
1806470557
770749542
907737524
93297787
452542636
943742760
1328977795
1787448243
404070211
1402868230
1679673470
831910438
832952392
990369963
1949557717
713370122
1034134126
754874086
2070913313
1650899472
1671272011
1914250369
523819621
586826175
574578031
315811336
1279458796
1904859073
504095124
1223279973
921647169
502274712
1728859701
278213182
1365121750
293592768
1524491092
244078628
1630837584
1428289833
598618673
1216459087
2110154993
1456402620
140815425
999673305
770309534
1808563583
1268793655
1342700795
275102430
519125904
861803431
564553054
1403726190
1057442149
693044295
1583433187
576645664
875129335
1108251045
959988625
1291617205
1417071740
1460909160
728434421
931648152
485442645
661982479
1545347406
43930340
2022577969
1201283994
501740899
1709682840
611292993
246291620
100922687
2095486382
1294872472
1970953641
1029190666
1933778258
1137462483
1623942794
383742719
2057560182
1462743447
327520475
1242381202
2143305647
1566996490
438645230
873691801
554102825
1268525604
690694713
381515999
962355140
715181133
491150113
938866367
1953662118
1428933070
1867859465
1370973780
838034881
370506405
735195302
1623003512
939279276
416641378
39061387
458283941
256089954
1816469621
866456382
267591848
388418186
724432642
254187934
838774146
555511198
1777816705
2049233614
1429707011
2048910026
486099596
1858108178
2017041563
106616652
1115685010
1578489594
1606587636
426492657
1740963445
452470984
1218304600
340344853
1903772051
741792570
40327073
1560928481
1378894255
827703609
1945474612
1680434368
1547300971
1359607069
372929385
1467496468
1960125829
1780674281
740603667
227420981
537590376
959186294
1335591841
520257774
1356159502
365088885
1277721606
401528469
565134444
384375923
964953337
945362328
1969628947
1523771552
1764512141
510167167
67041917
1864696621
1937423826
1796911682
537533373
653923510
1624228859
711707276
337899772
1979664935
1130750114
335680788
960982228
1782290348
341766706
939187062
162706989
1320077434
256681230
409609079
1549975511
1257129617
1534626725
1012272437
676852215
1559008426
2068791960
612119448
108081021
919461102
1114676185
1290817560
736526859
534531812
50640121
1140112434
1669691615
1696251828
12941932
1194552702
1906355732
1714880455
1031633926
1124872853
2076724316
264127873
1572735724
278880204
1559727662
291309071
1392120527
1618977811
1002096898
1080378266
1701518283
1294313289
1812810487
1052274530
363828834
592247628
378981588
161598127
1225109240
1395353209
991417161
447225683
2101173294
79418372
296162417
1504775492
991325925
1871644299
616992543
1320269767
957038689
873484607
1623387610
169222869
1198273119
318080066
1369605409
235532670
948156052
1815745851
966210300
2098108229
1122797025
268823321
2026016660
13791161
1159595935
571946564
640012221
1813189427
874720788
594674682
1923182964
97520706
557783986
1410035860
966051839
920411584
541393606
1520700197
444057206
725459200
1638936340
1287121996
101528259
23610318
737885062
575472821
763435782
795847082
1152110488
302776842
1903218189
1131745626
1199117351
1462163130
929725900
627708285
1845602722
54985334
427481213
144673602
1271659059
633559301
153408251
886137596
635463314
1910575618
322274066
1777885519
751940669
416925994
1127107297
1457857363
584427500
1712113046
1532574711
2052949141
847336438
146281339
1825488936
37559551
164653879
1067334822
667754549
1372625778
1305202905
450180639
155527457
1088150714
171381894
753183848
1439107285
698715411
1705262745
62901598
285138478
676796268
372930415
171715861
805231038
1670922473
282771965
1491546922
1745500093
1082858078
396573182
161877656
1878955390
56980193
1739533935
330386431
401754736
377500945
1829555831
1287586709
1702036053
1632426339
804825235
478680728
950985086
201865524
1008808090
2063116369
1846117701
1399790599
1159553371
1969847947
592424733
882810072
236561981
977624180
258548558
366290036
1345550675
595788661
83334584
2141094892
2045874514
649483995
390700122
1857127460
1837144946
1906578875
1245830972
1986510272
1030221965
1385190066
354300531
1996537459
1959667398
1776014030
725521738
1317513669
1021245043
1546713291
1343391510
1611746542
614376058
1958332752
1163563625
1825325477
1378199666
1604278258
1099831665
626575174
1132595747
661163115
1819755464
922687416
662326955
639488484
786985303
1757467558
1779281917
1956609795
1757407576
663528562
1539132716
1377959476
918231081
137067544
2105314529
32261547
629384147
2059238316
205226911
1047100528
1235808104
1348575400
424450220
1655340554
1145930461
1125245741
777439249
1928529147
534949111
736886389
190184184
279287385
1228191687
1465728634
891640724
1173788109
1289581149
423495322
1975876854
2071462102
824361945
235721731
651798366
1047202587
661749533
415649271
651864494
1375801188
913975544
524195450
283835786
797540462
1388671907
1362165151
1804307267
1862522087
1923679441
1717160352
1543358491
2058814915
54486352
1174878520
1058262283
1392331420
1086310112
1347496556
46540957
604819405
437000329
744715721
1645678942
1621540195
1744916930
1308168279
1427219768
1271541423
360816276
819995671
320681719
1916605145
1878858107
1287820580
475690822
1886525769
3702114
557337637
1686070447
1562917396
1662890817
317158937
2068632673
497072969
1234182353
1321483506
2095604228
1989917736
1371514757
759044174
1883134534
163024149
1224458155
1611276096
1084378851
808138687
583392342
937917240
577567224
2020401601
913161961
1378889276
1601735159
729518247
1633339084
1513445479
867065965
660379511
648610587
237750964
50317308
306426679
2127684744
1194342495
517927555
761198302
2077619191
2101967152
280506069
1394608543
1793216383
1282398403
314732475
854415543
1051484211
984074779
350565788
2050521328
2020629348
1746813198
1790103734
1308004452
942879615
1438621391
1943973530
438103157
233651375
1913543145
22563381
490780273
814360361
90274309
1313422787
1412491533
386929874
701453207
340601401
1986475296
1844242365
1640343785
501609808
1411848641
185332714
641826315
1652760503
1915364115
140616826
75455744
1521163441
1848814496
1501019371
1600358323
488748521
2111027483
1940363103
2060820801
785105210
1034447769
1101294269
1777953679
394968890
310593063
759410077
2099351303
1586116989
58249656
188065077
412306736
1953425287
1292304827
2091704593
36351983
2062551842
542171295
576376821
2051886934
106393218
1994197801
240722369
336695833
982587119
1722325203
1205474836
1454893236
941291091
2107715680
605166766
788129931
143637343
421342851
1125790115
932412896
1693775322
1290875231
2017454380
1823012220
335545091
1158197813
229291012
1837035346
1593868283
1315095561
1716027035
22439331
1355040793
440741291
1643246053
2108957490
1596172410
1585865660
1265024601
864841894
1601513826
315036093
1541619006
2143411003
1911138130
1100470663
131530979
246069857
2009957906
1965976552
334331163
349925583
1770283296
1610710231
1168378942
67839049
1338714470
459230272
1240611811
639107250
499232521
1692620448
2011005921
918042947
892786862
1986009020
1244094131
1709217490
194365307
1313687625
974687942
735903225
994540293
1883924379
685023592
769230191
398837931
483903810
2138462066
1733498725
929270878
889263379
1999879990
1861483387
1813888545
2116329885
387186143
2109002016
1574550501
1811749751
1752219992
460844535
359870622
628727633
232641299
44815001
186378324
1224887528
124522411
149762836
55643570
1614525516
784455762
1419814957
134948988
825205064
110359090
2078364572
414885963
1907092769
1080856457
828661039
1609363811
733568430
970368806
1131835853
1340128997
1873923430
80466843
796070336
845899140
1705170765
974431033
1036387819
1365423510
766306024
348488172
970683996
893271399
685863839
1948908277
907142943
891838137
465076674
2073587597
454289393
1501554973
1763709037
863998484
1358977760
892563380
394855658
1250233291
1164546753
1892117398
2144387984
2123566623
299180022
1623811338
375454978
413045030
690287349
993160772
1003648927
1394096955
888173692
1756316138
1282990715
1896830853
1718215424
1295763886
1154908714
48427521
492661806
551706106
1645547168
1326072705
980029262
414212163
1832125143
1686382952
511808153
823055240
1721631754
45899156
1601556583
1127059351
440844336
1117132750
1059968177
1450750381
327709162
309709091
1908772511
1742521049
16898270
358180341
2058584762
507126456
80139102
1167536739
1883637437
496950505
1217213090
516884879
858119596
1020079292
23692371
955967499
2044622471
707484289
5083412
1584792948
1599317485
548654146
1532238716
1075416297
1304925328
1673447979
578508274
90772258
995907622
816669906
108784200
250005213
693578235
1261101965
1168633316
232442513
391689379
1572152409
578138950
1978922749
2019632345
380378689
407612793
154608132
1467991584
113919130
1675139585
751416377
462472853
1669254519
204659106
953104743
265790726
2087545573
1719786073
1315765247
1674682731
1361236765
1226291797
904470474
2069039172
624971419
225223145
1456196641
1980653413
1645987700
1504229664
1377011546
118223389
1304401562
99942341
1836518645
375249028
1866012255
176873841
1489734438
351896306
1985604003
1696241671
1439401738
1665288030
1692887197
1014072830
1889642581
2042913722
432894826
28921600
995581354
570067782
1594837653
859559023
67756060
863392329
1373513901
768100451
827092386
2075280463
1585515976
1468573909
834797157
734183486
480296033
370769585
1708666437
1528853180
426857196
2042421419
287428487
715317799
744314007
706958124
147750854
834817600
318554710
121695194
758736507
1520620738
1637770629
2035256775
55627922
1545075668
243720464
434433767
1765503960
1348696710
993517902
1399664545
144182671
745918979
906778528
876613404
1505030108
668853949
1863832045
1474606037
1126550464
37263824
1783001575
1815846213
959596684
688933827
578979103
497488972
1624434121
928830641
2042500727
273613576
592235190
1718660791
201893788
1014667655
275681795
3236749
568324630
1999032170
495623493
322361661
1623314334
1155320848
1734070211
1739486553
319960096
1230885175
1303939946
1760050657
580265412
107569889
1445185585
1081211591
1171207329
1966800907
909007683
50447273
695066288
859875161
2018984727
425945715
118639728
1662577217
973374924
1971657111
32915857
2121204404
1182724600
1718725441
462885284
1583373385
356382542
1654165262
1936789540
235835324
208815399
2073305755
1779055573
1958180206
994886263
283830412
2063903699
256619467
486926365
228780507
809130806
1504892132
1256290745
1520766340
1116828204
400061032
2045984239
1391527412
566598652
1283072570
609227867
1578952529
347432737
800286027
1023609529
1874530030
658224617
576800037
953348079
1939263150
144467869
574036902
1274142406
1102868693
1728128549
474868959
2084811030
648153420
726689249
1242599193
1130138460
707191969
2059336728
334410491
1465506408
1522158374
1572397292
826462053
954650537
1824025455
426960586
2121348854
90905317
1149356850
1890964452
7759993
1835194953
1556512478
356869728
2114838978
416324662
1470294262
1179833005
368634548
2108459473
1505738797
1311751115
765088253
1014477983
232461716
606520446
1462045865
1427152824
948292202
1879220499
1507492974
1723994416
907942081
1547550481
2000500995
1942078419
756303190
647270402
1346224195
1232208313
2047242351
272089664
1461511668
1876813187
796553970
1317733731
1484328511
932252653
1133813818
1789797991
399322454
133178182
454929291
1012375715
1450151808
2077687159
1201677166
1056703221
1107682011
862485062
1448920686
1751628791
416779150
1676587346
681557450
1334319095
1715427638
71649012
1367081210
2002969578
312901288
754567855
1713329653
489906205
2105951639
103401053
1025653206
494245222
849931478
134283268
1365399320
993134474
1908906574
455787350
2015559903
1468303093
558601830
807718238
1960038722
1218272762
1050076910
139705513
572906588
320177917
200180906
1636553144
852780045
1647632515
1685396672
530401213
1296031255
262982208
2127293824
190955928
84800759
1245294292
1293857260
1567707735
1022739136
1531508481
1276795569
979566893
167328527
1500002136
1659402530
389808884
1879213186
73097554
1607774315
363380208
861490176
889050750
1469404137
25572567
1778947582
564624697
647170880
94531431
1045366946
845088552
369818234
23018479
1071324044
1315398543
690224815
2041028002
50828519
647018655
1450684889
2115076894
962724219
1318647280
1941831924
1267685386
570443172
228005
1346871290
808754980
995588425
680038430
2111890929
1230285735
768723005
458189019
647723391
1056953748
994537702
1630034028
1926201412
897408945
675512851
1324393645
616941756
1817408403
750279853
484823792
1952173087
398781704
531938792
1938734812
285168049
1512696880
1836497349
120305825
1746995451
1961187405
1765743205
1293786014
2144384612
1280617586
1250817842
940687373
1221248886
1788382889
1807556620
854251402
1083203455
1020330104
66095150
741483916
2098201590
2105117649
1931659832
42451882
263686602
566970808
589312363
1772840771
1559311351
2095624184
279127631
745072487
1172178721
1307789052
680083173
954354846
33816072
1882880776
815950304
1279550275
54857285
1576343768
966944023
1243522516
335901258
782013393
2099271911
521241352
1061491106
372172949
1296674553
1413627087
1538158390
1035163974
351090975
1508288904
675264224
1155776315
710317170
1987707888
686809144
1643899645
432561209
74541054
45858929
1386954947
101384443
1092248383
1860704263
1814293032
2010838810
599662660
1835726616
138793325
79956243
118983725
911099086
1626825822
1776193287
215412603
43992490
159055901
989060319
1049331027
971373297
1070380416
1089245416
2059110941
1092719235
1211104684
630462513
883282666
458850654
1172286842
789465144
2065386310
144093423
1483032801
1691019242
564454760
1151190990
508193135
404374696
589110187
2143986559
1730853558
1640540756
739624608
1931767229
1310355366
2105458884
367649946
2035770208
39880998
575049532
384958255
371399913
2067893642
208343619
1032790870
94228995
929488754
1690731785
919340394
146195182
609388544
595774611
1916720589
1552993315
783430183
543309440
1226333636
1598628249
967981701
751009212
703118471
1696684573
593031120
2020412610
1987721060
1698398617
1037387188
912310750
725287963
261564923
1861051382
1995704108
1334792488
1783074529
508366186
143469137
1554391609
1914181192
1243865374
1481886773
72782110
512765696
22965954
1041179727
669505358
121621541
243087930
841265895
936989162
990516950
63202309
821328087
1858149265
75873473
1448028860
1503283301
1540385310
469003331
1293653172
1610676024
168942874
968667360
1422186574
707274876
24129634
1399520501
1417852765
2048183145
1521868452
1858350686
2018204509
588512155
1980411563
1038359935
1474615207
1323105793
2063364142
1533317201
405152582
747017710
1396342725
1351693574
249908674
149450285
1105043230
1085207043
1365939984
594856879
630506087
72124542
1459140318
1327781072
1593891327
582816000
1123771438
566842736
1552235720
1858642536
2044520953
1895462981
345551221
34871860
175368520
478697252
1939052454
1740673890
488643136
1987401295
593084556
1011349227
1989247223
710109164
815141679
1904312292
676307709
484472784
1043670974
1885527218
1562113456
716522005
1511192407
1855352178
1888081003
797945213
281800130
765989206
1835016335
1232759432
1278018114
2118092799
1504998147
356866921
74276034
583797802
1539570519
1987169392
1205386579
436636504
1261469621
632680958
868041481
1789302095
1285580523
874796545
252005058
1134479107
1327205050
1675335776
320662864
146614348
252571863
669530492
1610955750
1162056031
708578889
807687553
992196127
1483544795
1818614845
1231424475
805749370
1972520194
2028922492
524926760
1415281590
2235947
1839813657
815980704
1819308790
1828659447
1123691474
991102132
982431228
1379974467
387917285
185124520
1762784534
973570114
522250103
860330450
1268165404
773078457
1336123111
1117632766
2068674020
657323117
1925341747
2034353616
1872135467
1950238259
149566066
1855507907
587110786
564493349
1021171230
578235009
238408397
1934015034
612965440
1571620044
1086345344
1618014325
389294554
159410371
2057939065
1104269700
1871930885
859121041
1996884685
1029241869
2096029120
22246069
147865647
1993050993
2049739705
2093237577
1798548288
2010055765
911261315
1402774967
432511695
1664519278
2102655075
1310109565
1161014934
434795819
82537948
420981719
365109036
732341255
881813077
616136906
58206776
1216905265
1425009702
1687551720
122656774
1790600286
1191448477
1062634760
167418044
1567217429
1528388313
804437057
1706116177
947419721
1655599280
586831595
745102626
1075668183
398277863
176016522
2019955014
2061834612
2068818353
645859486
1303963841
1582256265
1361950342
783292432
1968408019
1243473684
742635963
657919119
1689583863
595044201
1956147722
1852800996
1371673513
1396488902
974560352
1968563595
945245501
472567151
1556234890
214689087
948199857
1693563245
2017351216
970265774
922129242
16480471
1648526060
253846996
1919387892
553674561
311295537
1789353687
971201499
992881364
1256931768
1884847856
851852385
567278935
1170818081
747132768
1585120912
1823734421
45929391
1728668866
1810639925
958475704
1644087028
2008394852
1311229541
1096903283
1467606627
913248080
1512652867
570188589
1724575489
635006361
1184363327
1883175334
1492257157
1918602806
73963492
1946551005
1421662390
796169009
1325040271
741910931
736577210
89958083
1753106996
871863278
1194785611
1986858618
502843913
1603779474
432369157
927553518
178522641
1269620966
75053016
707923821
280864469
924922720
1683653166
1792532222
324530191
211877678
614224303
27061439
1661523549
1187299448
1856060057
753456617
1084836559
260357952
696371309
1410416940
1795953947
1678569301
1161073044
162954488
1359979506
1134979806
1100537691
887713351
1102290808
1316973021
361111032
1831446320
1317793871
1546522924
1851746661
987394493
1032467724
1816480402
1656150406
601424730
1079736244
138745496
1269816080
1391860025
1726012381
1187981713
1345016831
1224593566
431392831
63970700
449348360
2136532645
1060738430
1225113221
5315997
953089038
501160327
756309247
831549496
1761011042
1710972080
1956477329
951431618
1843268636
1475652412
1297167734
912046847
1303132359
1212204030
772652945
1358154596
1388254995
161605651
7043863
1624813351
1836690362
1140001696
10705295
1558152663
1677344389
531464466
1609618672
1276678093
352401143
514836525
237941441
1151727340
1094512597
480849561
379347652
1788285746
24616087
2121109710
1547171332
911121931
60959602
1641217244
1471750723
297032256
1797429635
424966761
2077744093
1224924100
596308297
592618885
409133678
126587791
842829985
7791431
1083674163
458514643
481760424
267313608
1394575253
998602543
1476961329
823070971
600096472
1117400230
1770464666
1171234378
1657993487
1989565686
149246691
2135905362
693996492
999455055
1109998856
2120140326
1823294669
1674402820
970008873
1202177611
2049789844
639114403
1152622833
2016175420
2117802697
117921861
1154900131
1946434501
1820524574
1085283530
138967283
1605913528
494814906
1542281151
594025130
274362770
57292972
308689706
193369816
194915048
2086540458
328163381
2110930537
1658823168
1186114010
1488842921
1560695099
1154490508
35199071
125484254
1305390105
216081678
1830904030
1037257199
96855829
33157657
1368872284
1499562448
1612037905
455756895
2058745354
1843967559
1062777962
1796247790
469819009
706218998
1715941645
1684554658
1824149286
821449462
622837480
59354801
1827966796
1923629664
741461688
153587151
1256809866
1583453423
1356172807
974628053
1774757456
1961464019
251134512
891591744
36025989
576849101
764591565
1221998061
509539951
920365900
834671849
1228714780
78258040
482316471
550201458
474774801
521758779
254624076
1497818072
1230029036
1312582933
1936289398
1905773401
2094468802
607850587
1420499393
1765836050
2132191667
1689242034
1787656913
154091354
881543208
219046332
373932319
217858828
945682100
871832494
1108181872
661903550
415583246
1476468861
1699031721
2008978982
124019386
2110977241
471449247
1039784496
179339086
1540648212
1125859529
1036622031
991786844
2101362157
2045908226
1299558960
653784046
1255175667
1842407792
311997799
232825093
80282202
1243293507
1528596464
801882454
1283776733
280807844
309982447
1409534819
847622026
366179410
431381146
15259800
274504239
1568870470
753410969
727782705
1185092661
450069549
1832141768
693711669
328808651
1356359039
916328369
1681272773
1024293187
453021408
1147471935
675531506
1653977110
501341778
2108219176
1543922689
1032606991
712654028
1397725677
511982441
1712282643
710042697
720960982
129807165
128907662
795066008
640002201
1158104257
1287513414
529837793
687194698
719018910
213256754
785825580
1730350129
693878450
1059074829
130030279
939517667
182465237
1455244276
1018410493
811906689
1565660148
1650190068
389267454
1732600091
222225923
1398694596
2068210840
1145489354
1907814123
865979293
1710230478
28581316
717482789
551615753
1211927005
1313442722
1481471228
960727743
1360327226
1742437986
2011512665
1049730787
1012999408
678472413
910942161
1284428183
1408837736
1813953438
2011003947
287410552
989408344
1611369706
1935100940
2132401205
577996934
132378800
465464491
1296444795
674613743
1348467837
1038846434
2145095714
401506054
589540674
1630185819
1358296336
1134009802
25371046
1031339638
1284885731
1934938695
2009124759
1879210592
1870640628
1106137362
1736758953
1504865302
2069592307
565219114
915928726
1178448639
1161790290
945968167
2135668642
955033597
1498282693
2117105292
1530977246
1405768089
195089674
1911756973
1998824452
1812370752
211385320
708539093
548109442
1617427085
1199793543
999820625
1046158797
1648933016
2146263566
307409143
836811550
813149421
1714518020
1965052337
478401980
186598073
1482547523
309456152
1951402523
23048848
157384191
779279344
559259792
185961528
1416948873
1847539284
40599620
1864237085
1607030264
3514454
2005551804
720671799
1227276945
388754839
2054893098
1246266380
696239397
1002587334
1139870073
49054363
255179567
1197766022
874464493
191005580
61563976
1416512811
1151581992
1479482766
1682314376
176203712
83731960
90127704
603359460
1185708653
606466366
1498521531
976454058
731942835
1181664251
951824184
312519296
1280086709
1135621301
1514955082
783121103
1817665761
1608798602
482853213
996006973
1912745582
220558490
1199864807
1916314660
1384016701
800601376
1907131890
774520772
2074404540
1633311486
113908246
622678731
368453766
1103033376
514722795
1480427711
1091034525
858520905
558706640
381700745
776042673
1273637750
1448664582
348357137
640388879
418882339
1422403044
1052756682
2067662350
1255765096
1914525565
1873031350
2101842570
1763100162
2132104539
760113220
1942719410
899471773
742849373
1463058464
676808099
1271689875
1493950215
1094250211
2122106292
911551824
375143539
608329056
1692371505
1059808331
659750641
1318542748
1866652526
2011155831
724731436
157615672
1329427841
1567223329
1752520804
1147253429
991172867
1577429120
1197111726
1219074208
7696280
1028181002
312605598
791379221
1055041758
456130232
849005954
248691418
1436542514
906540064
513927019
1577861296
502893325
125416031
1920619196
879811648
1307211644
1309178293
128510330
806743741
956261737
519199876
378828207
464466557
340616215
297427053
51916247
989056320
1138142282
98055367
1575347502
395375728
287691930
1158585429
1717327883
2024803567
1015256337
2085177232
7505325
1476929359
541370846
1161758275
882952491
1515871340
424871646
783446651
632796843
763601803
1053799624
1833534434
1747538770
396322682
533742101
131746872
2059772402
654782529
1064284441
1115339404
1953957079
2083226913
1120916550
103579526
480306871
2118605901
226705209
328364857
880866363
1943622964
2018410868
1057744077
1366949792
1079336355
1234267811
1722301577
247136381
740722661
897569335
1931566304
114997986
96320275
2103105472
562944147
1669779793
842436875
1166232355
1618863636
1432985944
158223047
770366880
1051612571
1329397187
1092506650
1816145454
495986521
1780680040
1604929904
1162082454
1021730648
207275708
1746132048
336701167
1754353781
1787877166
997982886
349563849
1953266963
403895918
155546987
531628007
1578579974
1850057493
1138408174
370383082
552602770
896497403
153803874
1897723118
1806583225
1228185949
1043312288
1610458668
1587976513
44704912
138460041
1629095336
636069404
6473199
1003252230
341496876
1710068441
1771861222
1043414084
1432593187
1223971735
462252324
1145218503
1800405923
994661392
572123127
327762187
1979260443
619746606
408156424
170305304
512816689
73714915
1899963506
1758908746
937153283
1909069419
329031504
911214421
1567366155
1433761730
2060689440
1222677863
2117127052
1088384018
1731818572
1708598433
1476320854
909541917
2118670341
1351283814
1756524084
1543079483
727729677
1243407030
1399634784
1156577186
2063653819
572109159
1879732572
640363261
517608083
1703618449
1974421210
891054842
591250205
1099786451
1610937204
1173269846
267213041
435852303
371761627
1899937863
1877349882
1587309959
1457028919
55473990
176027483
1610994498
1637834096
359308317
470580649
607084127
1023066044
1633063169
1135055130
1613306370
445156273
520045827
797126555
1425900891
501462141
532082326
97517038
1420718406
1114184910
1707369085
1207614229
208163658
1832301659
1907160807
152115158
200892899
1156085784
1786084228
238963431
624259396
2017800883
1040058366
543363141
1210052965
1521846417
64401777
2017046557
215560830
1395864573
2113299915
1793264234
123460865
704037967
470124221
394412377
940893163
366265277
102998554
1290041957
215784886
1532382202
1306065967
161010041
1514012235
1832654775
1321195613
978392503
854930364
1778275415
491380179
528208254
980934459
51540479
1793574862
290604819
2076971349
1664383232
1358983376
1604177389
929309029
1317958399
1394400836
872013446
1132517650
1619396506
437302761
645042909
1693509235
550230539
1436143358
123320515
1753675138
1762756769
799790559
582618777
1337475409
1459768026
2139375507
1131594870
1275792957
603469550
155939460
1043823245
662158215
1448408909
1075503156
1164288886
1335057044
1393029503
1066773907
936375027
542161288
630737637
718705901
171116114
310560444
1948628895
854445257
2100597834
621975831
1729983495
624995043
1983427296
654300317
1557083695
753233669
1683689266
1864844326
1817174511
275772230
913709970
198725629
1335076715
1431772374
214317207
864340888
1279132059
1535557553
1352649143
1533106708
1686162595
1312565364
1452222807
1533399946
1172020790
1933582017
1493038275
2019326945
338177815
1905189324
395734151
1284386297
1130968751
1090997822
886011200
1725531299
1881520447
651270895
1873360012
715709084
680622382
79571322
737774400
41554619
806697808
903948345
65647681
1145401473
1869257224
1008585652
1460234689
419266798
1893892908
2097001249
1103506787
1399408230
2023615749
479845469
855880860
614143487
983134675
2067577946
327870443
448650205
642928042
1098221789
1688536981
1779159920
1154348350
1665086242
1082647692
882435968
1697937414
1262188003
828662696
1964498488
468455616
1716295285
1790733980
761905226
293411279
1234202416
1156630471
917542332
392599371
849335152
347519716
1846762652
720270730
1117033526
1171183137
1385365301
1809197195
297100508
1409386845
1218528825
1163623647
1502200948
1810810728
916537586
138026837
688162180
377303228
283708169
1539961648
1971483686
771547552
1783406026
1175193906
160545564
605315058
707515652
714552579
1629754428
1331871409
187857889
1299845031
262026967
845783144
1254495775
1938201443
1344020011
1672863824
653493882
52014779
208423691
728469355
1937515573
1703313225
1100669079
1697972209
216353109
2027042647
37756190
1790442739
1921189775
268238617
1947198492
1620572850
1297093558
1604361540
1590717415
1538144428
962420158
1204815585
2035891060
23114441
434701099
199688328
2070508047
364138898
1095162048
266688729
10580381
507136503
845247192
1343426599
206698122
1026349810
1734618705
563610395
1656164604
199229291
749955863
1455064703
1275978351
160971008
862028318
479725996
1469902280
1257088938
728054997
1458744298
4801032
1055809868
1718906418
1878700070
271654676
717356796
1264462487
1939478921
687036316
1937287959
2101107234
66611917
605065727
1030887989
943797184
698143878
847278908
742729376
658163228
1528444415
102064046
97574088
400588894
1493514384
2104718540
1310289599
2135864643
537264035
1146223451
267834278
1165147358
1737723608
733737179
421727833
1494543543
1225720182
736364154
1845052595
1080262902
1024455159
1049904308
259717312
1971182280
251582246
1591100408
1939960949
1941431047
1570255889
550166825
1134267542
730970264
2090105645
861438138
1252594016
1135554100
961810756
1694832027
611732042
1985120327
1450149238
1605742567
1206693441
1290067453
1848688981
1598967546
1452774022
319094906
857181505
1133389730
1238729568
1474855437
388445926
2139510498
163381680
748740706
1405396158
1805017658
1811511357
914188940
1197538561
41742287
1535715618
1309430464
417158209
356422939
1231449942
372337322
1534875561
550911809
1350604100
1225203750
1326857561
1980936906
224768364
94691469
1589825077
618616799
979462655
651265788
1087520566
1911051333
1402902063
140880289
1367120077
1548372016
1981981349
1874736427
1346989166
419068644
1600495253
1399391482
825066303
1325078313
2082597123
251509358
236430591
1422327141
949922494
1083057200
638621027
918481496
1809030345
863056753
490537691
770277205
276198569
113671041
701584713
1807903559
989291090
803793460
211696835
776843766
373422264
1716931846
2025200733
11489190
1254607193
1771486380
1105460587
1983564823
1330699932
87773176
122087231
198803548
1698699639
1409443481
844276677
304259785
1811727247
140444312
309087109
2107919205
501176226
1003669692
842012980
186670969
718874902
896406867
1221162401
952673356
447794184
201675113
2085441483
1837045949
1776173523
1371300814
1251780361
1051124392
1394690109
1694948887
1266226258
1966934840
1822153671
1832900299
1492692691
714928370
801397705
945111255
711368373
1983516496
656961002
1144770827
1116746366
1703475472
109441644
1685582118
691018499
2007733548
75168371
1835013561
1695847256
1295378847
2113639489
2106084751
1793725510
1437090926
102880880
1192144655
49954624
159250662
1800964233
669379516
1644945456
1311180823
1309239251
772484963
2086622607
1285069246
1004133831
1356739754
1249434182
1104020453
1627498502
2104059599
2111380105
31653165
291019432
1063760383
2079496407
1134664309
2035642476
846657072
2132969266
508069802
182540514
1917435348
1237586139
651740239
779927310
470062742
1710243000
299188837
1401370726
1589329664
577884797
1648496476
1557314227
1628356541
798513313
972254739
237170866
720939748
765562926
134318177
356369232
720862663
969564201
698742052
2003015120
74667224
1633669775
197831598
105358173
1634458626
2121652214
1081422547
926973931
1829921374
1591069345
1892280417
741365878
1222464821
1721744883
1490630287
1860562499
2059386383
1816591113
803257678
1821152961
2138351469
1506924009
385610174
939160092
684550071
1076124805
336287593
1058359559
1265396298
1084300209
1188435295
1105298755
1725540862
1109818530
970017280
2122423900
372305854
34754507
1912948931
126397718
305153959
565681101
707436163
2037946089
2124691491
1752964999
241953397
283542037
1445459356
1187339262
1943535153
1857607140
1584051837
1893360454
1783731005
305833682
699037239
1222794010
1002973043
1261631845
781715044
174525313
1199569915
511449275
343769825
433506595
387024554
1714773938
806083459
945655505
1091413135
1741687936
1510446511
1488602557
396718204
643933545
2126142352
1985042453
1397540722
1857608394
2039812521
1615981028
567112447
1090481027
1927295628
1333134083
45288993
1232915947
1668907690
1408049094
1527890057
702295139
2082573849
604817328
1892013561
152789851
1324181437
306600296
1056765371
707765762
227749405
1036837922
1015253485
807623822
1007117146
1253804388
2074099885
1951612424
1341894160
1282829434
1258946655
405640244
228905490
737083920
1187057333
244843137
1539353942
1563794108
310775257
853011559
665174518
315443389
1833728926
1787226797
927687581
1824638387
923633530
1231652945
64957109
1862808753
1031168865
1003841682
379126019
765674115
1461922388
2087177062
670025096
928659525
1795622991
595713836
220077420
1781823619
195343874
1495621390
714184534
326519329
225008382
1485917874
1888565180
250468556
1680924729
1230540705
1406081603
1665759832
269357052
251201675
471689993
1483536425
1391715741
730264250
1155073378
1010182910
1563890620
83155931
156803620
1683896451
230448998
1362356202
147101172
1877790817
1891323867
1979351202
647423563
143175804
1167766465
1730923069
1852087626
1123594266
1945521783
2135431020
2004811365
1082781171
1795960470
1864468992
645600330
621639490
1154120560
647265060
1097821816
630963695
380852810
747435772
1113747170
668030729
110279573
1412746277
1835206172
2090854659
1881431511
1879625954
2120810880
1405118929
1621190113
874787034
1370389195
145918287
1016866948
1697871688
1134421629
369999453
458774802
78604132
119294213
1699663898
1085868282
2003290075
1468758991
183486680
1932801311
353313119
1230525233
891888662
1840217870
451407118
1920902500
321257164
429439892
1280886953
183356173
683566916
688133276
1362852347
314332062
928965730
248201552
1196443808
1083085612
769110123
1778298002
370521660
1657699686
1404187711
634618609
296400312
226137640
1072507789
1033106971
621421882
1610096650
1129005295
1368081761
910329628
349438515
708446314
318228566
1732578490
1257280176
569929673
578403631
1420355530
1594611731
1269352752
599326802
413896193
149097292
1861464990
798819917
435490063
384142587
1690509967
600326259
607586768
763844120
1846365114
939364427
2122967789
2144807651
598470617
1142723344
2110109114
1168491729
714647973
2141356717
486417226
1117675240
539852837
1662350444
1686723528
23773214
1272968446
198512764
986391104
1294420864
733939129
2114812758
1538158370
2109792662
1243466688
1829946425
533945939
462478650
1147005348
783725837
439044589
1949818985
935760087
14680819
1481356982
1349764596
1528579155
1255997104
1181059182
2109461063
1460932882
49710045
2039830627
644293304
887086530
1937160852
231287444
1824925411
1644831960
137601327
1359150465
1455259944
1284580236
50283182
792690755
1549742070
849683704
933625905
1069538434
1814685205
1372327125
2005185014
1235178074
1401273685
540056154
761083495
1247515064
1710396517
1347378043
1811319833
1112527397
1542751462
531430950
122129451
144723199
209791186
1787947107
205032729
1146634065
1579714109
1151934249
1544576727
354848779
1009500172
1481559236
1593062726
1860688988
1302244310
126135829
437837971
893448158
1774146132
1921779263
1691704298
2059181507
1459077718
701777993
951753121
1533809199
345411666
811370682
655110218
248726463
2143641070
1667660352
1144561243
1304427355
1429991347
543522738
184184847
1688493553
530595875
1003298127
1980556556
1399541986
1863750530
1680076435
1295475475
1790998923
1165831959
1330215470
1568886460
1651679118
1339851201
1100298492
1715658292
1610511325
1633675640
660135094
1165638724
9669170
1320786992
1528586163
1496419994
1471929609
644510097
1146848194
767170336
1750568882
1058818104
1744021746
1144752288
1055116308
1071118192
1781827465
1542034319
1089616659
1856362511
34517627
2141459705
1731340562
922820932
2027223385
2068126672
1128609604
1254323321
2008787534
104040756
901422567
1912562986
155423186
1258911519
367965347
1413477885
705333526
365871817
1500865058
818077503
453570418
170585798
256543460
1582900230
822115159
2104030957
139026132
410383750
319619245
1245446685
700286173
913923347
208418789
1795855385
965516560
827833889
449101506
1882705407
2096985885
476598932
2117163732
1669335302
943089237
283090503
1885368274
218140423
1625018261
882940925
787682637
1035239272
348997089
914730742
685328822
1259644797
1300811626
792150973
32513226
1845281829
966147617
1641064590
1099252807
913192146
877389738
1547418403
484545538
793215220
654388921
737188891
148273795
499379063
1149605564
1501672053
174837803
1794624689
1597123352
257909798
1984390599
471597984
406819050
1725498101
1684531762
56497035
1940253592
1970396573
210087648
1668656166
1576314600
1885053485
1677853123
6022071
958782374
1621221967
1005700733
1424611824
1080107267
1136444821
1144558294
751546131
429408547
1353144471
488714461
1880879091
1770898946
914067282
1083448794
257480315
1345406066
981805130
1368631388
1280057120
2118714966
1784119450
455008147
177209205
1546872304
947442374
922231372
1083870211
1000024795
1964901219
1658787731
1080349701
1584253841
392400623
383409824
975377914
1116269490
1422151517
664152328
133352993
1327065636
1931570294
771290752
2016587664
1266491608
2125757109
1596791822
135465711
1491108314
1089114875
1615739491
2126758655
767784784
840752543
1807783085
76489718
1653642923
313090716
800761256
752613080
815991249
122308928
751353712
251492387
701512288
470769561
1432723489
79266049
525876305
1783666651
1410975005
922322848
795800275
289109617
2002020577
448502216
949601465
407924571
721906842
1693911628
1422199449
1594965513
1638683422
686104617
1023320034
635156919
1323249824
961687821
1915298682
1086078807
1418235539
1879300231
660842444
1992603502
1397544490
480102832
1311033219
2138195907
1178884806
1848329205
636705100
501368579
2027173577
1458353854
813187828
1999615859
1178840222
912978410
1175380050
277859378
608087317
743350433
1147663209
704438698
1610512465
834691472
787407900
1078935810
529926424
1896685960
2007902328
321632020
972227271
518685412
513455624
398545166
2109259068
1726928961
1468250735
621360324
1568768913
1950097618
1903002790
371875584
348748359
570602750
2110890164
990886013
507719509
1634810723